5 wedge 66 66 66 66 66 0 1195450288 0
39 triss 60 60 60 60 60 0 1161572496 0
45 ockham 66 60 60 60 60 0 1195792993 0
48 slayer 60 25 30 45 60 0 1195515971 0
65 kalos 60 30 39 60 60 defijmnqsuvzACD 1182770425 0
77 dinmamma 60 60 60 60 60 0 1173714894 0
81 mobius 66 60 60 60 60 0 1195447101 0
82 ixixox 60 40 41 47 60 0 1195099637 0
94 gandalf 60 60 60 60 60 0 1193807621 0
98 freelancer 51 51 0 0 0 0 1179631877 0
113 layser 40 0 40 0 0 0 1194823702 0
117 corix 60 60 60 45 55 0 1161741320 0
128 zyre 64 60 60 60 60 ijkmnoqvwACDE 1195450182 0
156 evilshaddo 49 0 49 30 30 0 1144604629 0
162 entriri 60 60 60 46 30 0 1195462425 0
170 neo 60 60 57 45 42 cijmpqr 1148607200 0
175 zathor 63 60 60 3 60 defgijklnpqvwxyE 1160079600 0
192 kody 60 50 60 60 60 d 1181036142 0
194 jingo 60 60 60 48 56 fgklnorsvwyBD 1186858546 0
197 jandorf 60 60 44 21 24 0 1183342698 0
198 achilles 60 41 60 34 30 0 1182803534 0
199 jotun 60 35 35 60 60 0 1182673318 0
207 belgarath 60 45 43 60 60 dijklnosvwB 1168823526 0
213 chidora 60 41 60 45 34 d 1160455485 0
215 jehuty 60 20 60 20 24 fimnvCD 1160331458 0
225 dysann 60 30 30 60 50 efnquvD 1195331106 0
233 ambar 60 60 60 60 60 ghikmnopsvwB 1186858567 0
234 zayl 60 35 35 60 60 0 1186858558 0
244 dactyl 36 36 0 0 0 0 1141616156 0
245 polgara 60 60 60 60 60 0 1188476378 0
258 delerium 55 0 0 0 55 0 1195499720 0
269 damtrios 63 0 1 0 0 0 1182122356 0
277 malaki 60 60 60 60 60 0 1182854652 0
281 barak 48 0 48 0 0 efnrsuvCD 1140480276 0
282 aries 29 0 29 0 0 0 1139087996 0
287 qal 60 60 60 60 60 efnrsvwyABDE 1184184252 0
335 arthur 23 0 23 0 0 fjkmnuvD 1141319897 0
343 artemis 60 30 38 45 60 0 1163313217 0
349 talon 60 60 0 0 0 0 1158661800 0
362 karas 22 0 0 0 22 0 1138451013 0
367 id 60 32 32 60 42 eijqruyz 1180236116 0
369 simian 60 60 50 44 33 fijlnoqrstvwADE 1186948363 0
370 tanin 25 0 0 0 25 0 1186381739 0
371 guts 60 59 60 45 46 0 1145239262 0
372 solace 1 0 0 0 1 cefjmnvCD 1138447265 0
374 dinmormor 1 0 1 0 0 cefikmnvCD 1173271141 0
375 fistandantilus 60 42 41 60 60 0 1144872984 0
376 shelazar 60 60 60 60 60 0 1168211387 0
377 qwart 20 0 0 20 0 0 1173271235 0
378 uhoh 1 0 0 0 1 fkmnruvD 1139105966 0
379 batman 60 60 60 60 60 fjkmnuvD 1145419603 0
380 mogi 1 0 0 0 1 0 1139187059 0
381 darkness 36 36 0 0 0 fmnvyCD 1168889525 0
382 shaden 1 0 0 1 0 0 1139337981 0
383 ganges 60 47 60 40 43 cdfgijknoqtvwD 1144651009 0
384 synester 60 60 60 60 60 efghijnorwxB 1181163232 0
385 enkrigare 60 0 60 0 0 fmnvzCD 1173714866 0
386 raw 1 1 0 0 0 0 1139426939 0
387 confucius 63 61 61 61 61 0 1147212863 0
390 dude 1 0 0 0 1 efnquvD 1139694793 0
391 alexander 1 0 0 1 0 acefjkmnvCD 1139694857 1
392 blue 1 0 0 0 1 cdu 1139848176 0
393 renegade 1 0 0 0 1 cd 1139847754 0
394 prutserwithhonour 1 0 1 0 0 efilmnrsuvyzACD 1139849402 0
395 cadiah 32 0 32 0 0 cefjkmnvCD 1148229512 0
396 dan 0 0 0 0 0 fimnquvyzCD 1139857816 0
397 sam 0 0 0 0 0 cefjkmnvCD 1139857875 0
398 jimmyorangeseed 10 0 0 0 10 fmnvCD 1139859940 0
399 planowest 1 0 1 0 0 cfgilnoqvwBDE 1139858880 0
400 thelordsarmy 1 0 1 0 0 dijmnqtuvzACD 1139859006 0
401 telemon 1 1 0 0 0 efjkmnvCD 1139903695 0
402 ojje 60 60 60 45 51 cefijkmntuvyzACD 1157304474 0
403 matzar 60 18 27 42 60 de 1179970286 0
404 ockhams 1 1 0 0 0 fmnvyCD 1140149743 0
407 valdamar 32 0 32 0 0 cgnquvyCD 1140273689 0
408 ayame 24 0 0 0 24 0 1140899036 0
409 darklord 1 0 1 0 0 d 1140289820 0
410 squirt 60 0 0 0 60 0 1156257013 0
411 rodek 60 60 60 60 60 d 1188008364 0
412 shinji 1 0 0 0 1 0 1140452463 0
413 sabotage 60 60 0 0 0 0 1141946846 0
414 erazyl 1 1 0 0 0 0 1143492566 0
415 storji 32 32 0 0 0 cefgilmnoqrwAE 1160457502 0
416 hiimockham 1 0 0 0 1 0 1146978204 0
417 ryu 60 0 60 0 0 cdfgknoqsvwyzBDE 1173271186 0
419 wicked 1 0 0 1 0 fhijlmnpqst 1140752005 0
421 kasumi 60 59 60 45 45 0 1173637575 0
422 darius 55 55 15 0 0 efnuvD 1158022496 0
423 thrasher 0 0 0 0 0 cefjkmnvCD 1141102307 0
424 jason 60 60 60 60 60 0 1194282611 0
425 denelakatjuven 60 60 0 0 0 0 1141739632 0
426 braves 1 0 1 0 0 cdfgjklnouvwyCDE 1141273115 0
427 high 31 0 31 0 0 fghijkmvB 1141584451 0
430 bliss 1 0 1 0 0 cgnquvyCD 1141358386 0
432 tristan 51 51 0 0 0 0 1146108799 0
434 ike 17 0 17 0 0 fhj 1141574914 0
435 dew 1 0 0 1 0 0 1141642487 0
436 drake 60 60 60 60 60 0 1145556529 0
437 merik 26 0 0 26 0 efimnsuvyCD 1145303048 0
438 zaq 60 60 0 0 0 dikmnopqsvxB 1142023700 0
439 ega 60 60 0 0 0 0 1146494427 0
440 torak 60 0 60 11 15 fmnvCD 1144365605 0
441 shadows 31 0 0 31 0 0 1165549844 0
442 maiyer 19 0 19 0 0 c 1142034951 0
443 maddennflofive 1 1 0 0 0 dh 1141943044 0
444 ednaisalover 0 0 0 0 0 cefimntuvyCD 1141945259 0
445 woodj 1 0 1 0 0 cefgilmnoqrwAE 1141946593 0
446 lei 32 0 32 0 0 dfgiklnorstvwyzABDE 1143577208 0
447 jakeownsmud 1 0 1 0 0 0 1143228824 0
448 chuck 60 0 60 0 0 0 1144856858 0
449 jaketh 47 0 47 0 30 cefjkmnvCD 1173767304 0
451 grubbe 60 60 0 0 0 ehjklnpqtuwxB 1148138883 0
452 jakesmudacc 0 0 0 0 0 efnuvD 1142022400 0
453 widley 49 0 0 49 0 cefgijklnoqrstvwADE 1181228763 0
454 dreamweaver 46 46 0 0 0 0 1144873094 0
455 tja 1 1 0 0 0 dgjlnostuvwxB 1142040218 0
459 romano 60 60 60 60 60 0 1179628415 0
460 bucko 60 60 60 60 60 0 1195357425 0
461 blah 60 0 60 0 0 dfhklmnpqrsvwB 1142220599 0
462 stonedkilla 4 4 0 0 0 0 1142553745 0
463 iad 34 0 0 0 34 0 1144650594 0
464 carbonman 12 0 12 0 0 efjlnstuvxB 1142557294 0
465 thejedimaster 7 0 7 0 0 0 1142557379 0
466 tezter 60 60 0 0 0 0 1174228062 0
467 yogi 0 0 0 0 0 0 1142912316 0
468 odysseus 60 8 13 30 60 ghilnopqrtwxB 1194814671 0
469 makki 60 60 0 0 0 ekpsvwB 1143311674 0
470 stonekilla 0 0 0 0 0 cefnuvD 1143088949 0
471 alzubra 1 1 0 0 0 c 1143223056 0
472 somi 1 1 0 0 0 0 1143871999 0
474 splitfire 51 51 0 0 0 ejknpqrstwxB 1145393362 0
475 yunus 60 60 0 0 0 0 1144856648 0
476 drizzt 60 60 0 0 4 d 1157303530 0
477 swifte 63 1 0 0 0 0 1179782343 0
478 dumsomi 60 60 60 60 60 0 1195317529 0
480 corrin 24 24 0 0 0 cefjkmnvCD 1146936603 0
481 apollo 60 34 38 45 60 efjkmnqrsuvACD 1193544399 0
482 oje 60 0 60 2 0 efjkmnqrsuvACD 1145220606 0
484 ryuikari 23 0 23 0 0 0 1173285740 0
485 dante 60 60 60 50 56 0 1185836287 0
486 marcus 19 0 19 0 0 0 1144202576 0
487 arif 1 0 0 0 1 0 1144209537 0
490 viola 30 30 0 0 0 0 1145246024 0
491 wobert 5 0 0 0 5 0 1173271300 0
492 daimun 60 30 60 30 30 0 1146673437 0
493 zenris 1 0 1 0 0 0 1144456203 0
494 buttfucker 0 0 0 0 0 0 1144459566 0
496 kerrigor 12 0 12 0 0 0 1144501913 0
498 felore 1 0 0 0 1 efnrsuvCD 1144502399 0
501 wilson 35 0 35 14 0 0 1144589842 0
502 yuanhui 22 22 0 0 0 0 1144590053 0
503 john 47 0 0 0 47 0 1144797001 0
504 eleansar 1 0 0 0 1 0 1144666731 0
505 tjuv 60 60 0 0 0 0 1145354318 0
508 bullrath 60 0 60 0 0 0 1179005215 0
509 helion 60 60 0 0 0 c 1145519486 0
510 tir 23 0 23 0 0 0 1161227998 0
511 spinky 60 0 60 0 0 0 1145413808 0
512 cron 10 10 0 0 0 0 1146583328 0
513 gorthax 14 0 14 0 0 0 1145519616 0
514 testymctesterson 1 0 0 0 0 eikm 1167556766 0
515 grez 60 60 5 0 0 0 1146479941 0
518 maisy 5 0 5 0 0 0 1145502653 0
519 lester 24 24 0 0 0 0 1173271198 0
520 deniri 1 0 1 0 0 0 1145576086 0
521 kemo 49 11 49 0 6 0 1148764961 0
522 ingold 15 0 15 0 0 d 1168416858 0
523 thrak 1 0 1 0 0 0 1145666674 0
524 cicero 17 0 17 0 0 dghjkop 1145979898 0
528 skie 21 0 21 0 0 0 1146444046 0
529 peter 1 1 0 0 0 fhijlmnpqst 1150213776 0
530 gza 1 0 0 1 0 cfgilnovCD 1149150926 0
531 worjek 14 14 0 0 0 dh 1147358088 0
532 igor 6 6 0 0 0 eflmnvACD 1151817579 0
533 anah 1 0 0 0 1 0 1147797177 0
535 tam 1 0 1 0 0 efnqsuvCD 1148017859 0
539 arilin 1 0 1 0 0 0 1148798106 0
540 lazari 1 0 1 0 0 0 1149286650 0
541 byzel 1 0 0 0 1 0 1149521207 0
542 kilpatrick 28 0 0 28 0 dh 1150050938 0
543 sanglant 9 0 9 0 0 0 1150409220 0
544 vicar 60 60 60 60 60 0 1195515185 0
545 ehkahk 15 0 15 0 0 0 1150510518 0
546 omexar 1 0 1 0 0 0 1150882377 0
547 thanius 12 0 12 0 0 0 1152290423 0
550 anthis 1 0 0 1 0 0 1151459917 0
552 xavith 1 1 0 0 0 0 1151699669 0
555 maris 1 0 1 0 0 0 1151821380 0
556 jaice 1 0 0 0 1 d 1170565910 0
557 ockhamlappy 66 0 1 0 0 0 1152578024 0
558 galik 1 0 0 1 0 0 1152591612 0
559 khrono 66 0 0 0 8 0 1193363322 0
560 hydro 1 0 0 0 1 0 1152728967 0
562 death 7 7 0 0 0 0 1153350842 0
563 rika 1 0 0 1 0 0 1154058469 0
564 nataysha 1 0 0 0 1 0 1154260578 0
565 atinora 1 0 0 1 0 0 1154570293 0
566 smrok 1 0 1 0 0 0 1154718641 0
567 jeff 1 0 0 1 0 0 1154898281 0
568 skeeter 1 0 0 0 1 0 1155168245 0
569 bellar 1 0 1 0 0 0 1155496486 0
570 severian 4 0 0 4 0 0 1155525049 0
571 arathon 9 0 9 0 0 0 1156480157 0
572 wilmette 60 60 15 0 0 efi 1157559194 0
574 aegeus 60 60 26 0 27 cefjkmnvCD 1173756617 0
575 ero 60 60 1 0 0 0 1157922946 0
578 pyrhhus 60 45 55 60 60 0 1162296437 0
581 cerise 60 60 50 45 45 0 1195435081 0
582 diogenes 19 19 0 0 0 dehklopqrsvwB 1168823295 0
583 ducal 60 60 0 0 0 d 1157759712 0
585 grom 15 0 15 0 0 efjmnruvyzCD 1158608954 0
586 harlen 40 0 40 0 0 gjkn 1161140796 0
587 dead 8 8 0 0 0 0 1157839115 0
588 hodge 1 1 0 0 0 0 1158025087 0
591 ganja 60 60 45 45 30 0 1180552971 0
592 selenius 1 0 0 0 1 fghjklpqrwxB 1158509383 0
594 loly 1 0 1 0 0 0 1158801795 0
595 isuppose 1 0 0 0 1 0 1158907183 0
596 tull 45 0 45 0 0 0 1182770597 0
599 flea 13 0 13 0 0 0 1160093703 0
603 rhade 1 0 1 0 0 0 1159671518 0
604 wickawan 10 0 10 0 0 0 1159825873 0
605 andus 1 0 1 0 0 defijlmn 1159881969 0
606 bandit 23 0 0 0 23 cefjkmnvCD 1160670637 0
607 simon 12 0 0 0 12 0 1160171655 0
608 katz 25 0 0 0 25 0 1182770536 0
609 daddy 1 0 1 0 0 0 1160280351 0
610 rukus 0 0 0 0 0 0 1160463556 0
612 alandra 22 0 0 22 0 dehijkmopquvwxB 1173158351 0
629 zeni 11 0 11 0 0 0 1161310103 0
631 onarit 1 0 1 0 0 0 1161497469 0
632 ian 1 0 1 0 0 dehklopvwyB 1162070852 0
633 flite 26 26 0 0 0 0 1163212095 0
634 grunden 1 0 1 0 0 efikmnpqsvwB 1163043856 0
635 vladimir 1 0 1 0 0 0 1163252455 0
637 blackamr 13 0 13 0 0 0 1163557753 0
645 raize 1 1 0 0 0 0 1164660790 0
646 bobo 1 0 0 1 0 0 1166285925 0
648 irongron 0 0 0 0 0 0 1167090158 0
649 help 0 0 0 0 0 cefjkmnvCD 1167090271 0
651 fred 0 0 0 0 0 cefjkmnvCD 1167090708 0
652 joe 2 0 2 0 0 0 1167091988 0
657 warrior 10 0 10 0 0 cefjkmnvCD 1168609781 0
658 efbianofa 0 0 0 0 0 0 1168609306 0
659 nazgul 1 1 0 0 0 0 1168699282 0
660 noob 1 0 0 1 0 cfjklnoruvzACD 1168744558 0
662 stinger 52 0 0 52 0 0 1184104089 0
663 xantiah 1 0 0 0 1 0 1172865608 0
664 boba 1 1 0 0 0 0 1173119730 0
665 tmwtw 8 0 8 0 0 0 1173102663 0
666 spunk 18 0 0 18 0 0 1173122893 0
667 telmiran 1 0 0 1 0 cefjkmnvCD 1173120110 0
668 power 8 0 8 0 0 0 1173377845 0
670 batskalle 60 60 0 0 0 efjmnquvyBCD 1184183104 0
671 mara 8 0 8 0 0 efjlqruvyzACD 1191262909 0
672 fyre 41 0 41 0 0 0 1178480160 0
673 tok 1 0 1 0 0 0 1175999404 0
674 juden 1 0 0 1 0 cde 1176660353 0
675 ogs 1 0 0 1 0 0 1178563417 0
676 apex 15 15 0 0 0 0 1195155442 0
680 oden 30 0 30 0 0 0 1195083908 0
681 frobenius 23 0 0 23 0 0 1180237645 0
682 sinistral 1 0 1 0 0 0 1180285712 0
689 saila 1 0 1 0 0 0 1180762443 0
697 kcinatam 0 0 0 0 0 0 1180780040 0
698 blackjack 1 0 1 0 0 0 1180792814 0
718 mobiustestchar 60 60 60 60 60 0 1195451417 0
719 tctwo 60 60 60 60 60 cefjkmnvCD 1182389378 0
720 hiro 1 0 1 0 0 0 1182907477 0
721 grundan 60 53 60 42 46 0 1185221068 0
722 marq 11 0 0 0 11 0 1183854611 0
724 charlie 28 0 0 0 28 0 1195515179 0
725 chubbs 1 0 0 0 1 0 1185504143 0
726 sabo 8 0 8 0 0 0 1185521082 0
727 sifon 45 0 30 45 30 0 1187550926 0
728 jeremy 1 0 0 0 1 0 1186980930 0
732 nikdro 1 1 0 0 0 0 1189369451 0
733 ileah 1 0 0 1 0 0 1190524100 0
734 ruthen 1 0 1 0 0 0 1190916464 0
735 acelin 25 0 25 0 0 0 1195180577 0
737 triton 25 0 0 0 25 0 1191451456 0
739 thargore 60 41 60 36 40 0 1195399706 0
741 rethrana 33 0 0 33 0 0 1195266061 0
743 medusa 35 0 0 35 0 0 1195465405 0
744 testchar 0 0 0 0 0 0 1192324739 0
745 lesray 28 0 0 28 0 0 1195244710 0
746 cakestripe 1 1 0 0 0 0 1192857689 0
748 tovan 1 1 0 0 0 0 1193017720 0
749 jubee 2 0 0 0 2 0 1193037800 0
750 gratus 1 0 0 0 1 0 1195468430 0
751 tribe 60 56 60 45 45 c 1195482293 0
752 archrono 5 0 0 5 0 0 1195449642 0
753 sherman 0 0 0 0 0 0 1193593368 0
754 aesop 55 0 0 55 0 0 1195515669 0
755 wifidi 60 60 60 60 60 0 1195491984 0
756 draneer 0 0 0 0 0 0 1194042190 0
757 ripp 16 16 0 0 0 0 1195283088 0
760 meisner 40 40 0 0 0 cefjkmnqsuvyCD 1195508390 0
761 wagner 0 0 0 0 0 0 1195009566 0
762 meruin 0 0 0 0 0 0 1195104391 0
763 dmitri 6 0 0 6 0 0 1195358848 0
764 ark 60 60 60 60 60 0 1195792824 0
~
